sepal_length,sepal_width,petal_length,petal_width,species,sepal_ratio,length_ratio
5.1,3.5,1.4,0.2,setosa,1.46,3.64
4.9,3.0,1.4,0.2,setosa,1.63,3.5
4.7,3.2,1.3,0.2,setosa,1.47,3.62
4.6,3.1,1.5,0.2,setosa,1.48,3.07
5.0,3.6,1.4,0.2,setosa,1.39,3.57
5.4,3.9,1.7,0.4,setosa,1.38,3.18
4.6,3.4,1.4,0.3,setosa,1.35,3.29
5.0,3.4,1.5,0.2,setosa,1.47,3.33
4.4,2.9,1.4,0.2,setosa,1.52,3.14
4.9,3.1,1.5,0.1,setosa,1.58,3.27
5.4,3.7,1.5,0.2,setosa,1.46,3.6
4.8,3.4,1.6,0.2,setosa,1.41,3.0
4.8,3.0,1.4,0.1,setosa,1.6,3.43
4.3,3.0,1.1,0.1,setosa,1.43,3.91
5.8,4.0,1.2,0.2,setosa,1.45,4.83
5.7,4.4,1.5,0.4,setosa,1.3,3.8
5.4,3.9,1.3,0.4,setosa,1.38,4.15
5.1,3.5,1.4,0.3,setosa,1.46,3.64
5.7,3.8,1.7,0.3,setosa,1.5,3.35
5.1,3.8,1.5,0.3,setosa,1.34,3.4
5.4,3.4,1.7,0.2,setosa,1.59,3.18
5.1,3.7,1.5,0.4,setosa,1.38,3.4
4.6,3.6,1.0,0.2,setosa,1.28,4.6
5.1,3.3,1.7,0.5,setosa,1.55,3.0
4.8,3.4,1.9,0.2,setosa,1.41,2.53
5.0,3.0,1.6,0.2,setosa,1.67,3.12
5.0,3.4,1.6,0.4,setosa,1.47,3.12
5.2,3.5,1.5,0.2,setosa,1.49,3.47
5.2,3.4,1.4,0.2,setosa,1.53,3.71
4.7,3.2,1.6,0.2,setosa,1.47,2.94
4.8,3.1,1.6,0.2,setosa,1.55,3.0
5.4,3.4,1.5,0.4,setosa,1.59,3.6
5.2,4.1,1.5,0.1,setosa,1.27,3.47
5.5,4.2,1.4,0.2,setosa,1.31,3.93
4.9,3.1,1.5,0.1,setosa,1.58,3.27
5.0,3.2,1.2,0.2,setosa,1.56,4.17
5.5,3.5,1.3,0.2,setosa,1.57,4.23
4.9,3.1,1.5,0.1,setosa,1.58,3.27
4.4,3.0,1.3,0.2,setosa,1.47,3.38
5.1,3.4,1.5,0.2,setosa,1.5,3.4
5.0,3.5,1.3,0.3,setosa,1.43,3.85
4.5,2.3,1.3,0.3,setosa,1.96,3.46
4.4,3.2,1.3,0.2,setosa,1.38,3.38
5.0,3.5,1.6,0.6,setosa,1.43,3.12
5.1,3.8,1.9,0.4,setosa,1.34,2.68
4.8,3.0,1.4,0.3,setosa,1.6,3.43
5.1,3.8,1.6,0.2,setosa,1.34,3.19
4.6,3.2,1.4,0.2,setosa,1.44,3.29
5.3,3.7,1.5,0.2,setosa,1.43,3.53
5.0,3.3,1.4,0.2,setosa,1.52,3.57
7.0,3.2,4.7,1.4,versicolor,2.19,1.49
6.4,3.2,4.5,1.5,versicolor,2.0,1.42
6.9,3.1,4.9,1.5,versicolor,2.23,1.41
5.5,2.3,4.0,1.3,versicolor,2.39,1.38
6.5,2.8,4.6,1.5,versicolor,2.32,1.41
5.7,2.8,4.5,1.3,versicolor,2.04,1.27
6.3,3.3,4.7,1.6,versicolor,1.91,1.34
4.9,2.4,3.3,1.0,versicolor,2.04,1.48
6.6,2.9,4.6,1.3,versicolor,2.28,1.43
5.2,2.7,3.9,1.4,versicolor,1.93,1.33
5.0,2.0,3.5,1.0,versicolor,2.5,1.43
5.9,3.0,4.2,1.5,versicolor,1.97,1.4
6.0,2.2,4.0,1.0,versicolor,2.73,1.5
6.1,2.9,4.7,1.4,versicolor,2.1,1.3
5.6,2.9,3.6,1.3,versicolor,1.93,1.56
6.7,3.1,4.4,1.4,versicolor,2.16,1.52
5.6,3.0,4.5,1.5,versicolor,1.87,1.24
5.8,2.7,4.1,1.0,versicolor,2.15,1.41
6.2,2.2,4.5,1.5,versicolor,2.82,1.38
5.6,2.5,3.9,1.1,versicolor,2.24,1.44
5.9,3.2,4.8,1.8,versicolor,1.84,1.23
6.1,2.8,4.0,1.3,versicolor,2.18,1.52
6.3,2.5,4.9,1.5,versicolor,2.52,1.29
6.1,2.8,4.7,1.2,versicolor,2.18,1.3
6.4,2.9,4.3,1.3,versicolor,2.21,1.49
6.6,3.0,4.4,1.4,versicolor,2.2,1.5
6.8,2.8,4.8,1.4,versicolor,2.43,1.42
6.7,3.0,5.0,1.7,versicolor,2.23,1.34
6.0,2.9,4.5,1.5,versicolor,2.07,1.33
5.7,2.6,3.5,1.0,versicolor,2.19,1.63
5.5,2.4,3.8,1.1,versicolor,2.29,1.45
5.5,2.4,3.7,1.0,versicolor,2.29,1.49
5.8,2.7,3.9,1.2,versicolor,2.15,1.49
6.0,2.7,5.1,1.6,versicolor,2.22,1.18
5.4,3.0,4.5,1.5,versicolor,1.8,1.2
6.0,3.4,4.5,1.6,versicolor,1.76,1.33
6.7,3.1,4.7,1.5,versicolor,2.16,1.43
6.3,2.3,4.4,1.3,versicolor,2.74,1.43
5.6,3.0,4.1,1.3,versicolor,1.87,1.37
5.5,2.5,4.0,1.3,versicolor,2.2,1.38
5.5,2.6,4.4,1.2,versicolor,2.12,1.25
6.1,3.0,4.6,1.4,versicolor,2.03,1.33
5.8,2.6,4.0,1.2,versicolor,2.23,1.45
5.0,2.3,3.3,1.0,versicolor,2.17,1.52
5.6,2.7,4.2,1.3,versicolor,2.07,1.33
5.7,3.0,4.2,1.2,versicolor,1.9,1.36
5.7,2.9,4.2,1.3,versicolor,1.97,1.36
6.2,2.9,4.3,1.3,versicolor,2.14,1.44
5.1,2.5,3.0,1.1,versicolor,2.04,1.7
5.7,2.8,4.1,1.3,versicolor,2.04,1.39
6.3,3.3,6.0,2.5,virginica,1.91,1.05
5.8,2.7,5.1,1.9,virginica,2.15,1.14
7.1,3.0,5.9,2.1,virginica,2.37,1.2
6.3,2.9,5.6,1.8,virginica,2.17,1.12
6.5,3.0,5.8,2.2,virginica,2.17,1.12
7.6,3.0,6.6,2.1,virginica,2.53,1.15
4.9,2.5,4.5,1.7,virginica,1.96,1.09
7.3,2.9,6.3,1.8,virginica,2.52,1.16
6.7,2.5,5.8,1.8,virginica,2.68,1.16
7.2,3.6,6.1,2.5,virginica,2.0,1.18
6.5,3.2,5.1,2.0,virginica,2.03,1.27
6.4,2.7,5.3,1.9,virginica,2.37,1.21
6.8,3.0,5.5,2.1,virginica,2.27,1.24
5.7,2.5,5.0,2.0,virginica,2.28,1.14
5.8,2.8,5.1,2.4,virginica,2.07,1.14
6.4,3.2,5.3,2.3,virginica,2.0,1.21
6.5,3.0,5.5,1.8,virginica,2.17,1.18
7.7,3.8,6.7,2.2,virginica,2.03,1.15
7.7,2.6,6.9,2.3,virginica,2.96,1.12
6.0,2.2,5.0,1.5,virginica,2.73,1.2
6.9,3.2,5.7,2.3,virginica,2.16,1.21
5.6,2.8,4.9,2.0,virginica,2.0,1.14
7.7,2.8,6.7,2.0,virginica,2.75,1.15
6.3,2.7,4.9,1.8,virginica,2.33,1.29
6.7,3.3,5.7,2.1,virginica,2.03,1.18
7.2,3.2,6.0,1.8,virginica,2.25,1.2
6.2,2.8,4.8,1.8,virginica,2.21,1.29
6.1,3.0,4.9,1.8,virginica,2.03,1.24
6.4,2.8,5.6,2.1,virginica,2.29,1.14
7.2,3.0,5.8,1.6,virginica,2.4,1.24
7.4,2.8,6.1,1.9,virginica,2.64,1.21
7.9,3.8,6.4,2.0,virginica,2.08,1.23
6.4,2.8,5.6,2.2,virginica,2.29,1.14
6.3,2.8,5.1,1.5,virginica,2.25,1.24
6.1,2.6,5.6,1.4,virginica,2.35,1.09
7.7,3.0,6.1,2.3,virginica,2.57,1.26
6.3,3.4,5.6,2.4,virginica,1.85,1.12
6.4,3.1,5.5,1.8,virginica,2.06,1.16
6.0,3.0,4.8,1.8,virginica,2.0,1.25
6.9,3.1,5.4,2.1,virginica,2.23,1.28
6.7,3.1,5.6,2.4,virginica,2.16,1.2
6.9,3.1,5.1,2.3,virginica,2.23,1.35
5.8,2.7,5.1,1.9,virginica,2.15,1.14
6.8,3.2,5.9,2.3,virginica,2.12,1.15
6.7,3.3,5.7,2.5,virginica,2.03,1.18
6.7,3.0,5.2,2.3,virginica,2.23,1.29
6.3,2.5,5.0,1.9,virginica,2.52,1.26
6.5,3.0,5.2,2.0,virginica,2.17,1.25
6.2,3.4,5.4,2.3,virginica,1.82,1.15
5.9,3.0,5.1,1.8,virginica,1.97,1.16
